epochs =   [20
            45
            102
            148
            216
            289
            371
            379
            494
            510
            523
            537
            603
            624
            682
            732
            833
            883
            896
            912]